%YAML:1.0
---
K: !!opencv-matrix
   rows: 3
   cols: 3
   dt: d
   data: [ 5.0619083683986554e+02, 0., 3.1793111342496400e+02, 0.,
       5.0836108854001787e+02, 2.4312403805534260e+02, 0., 0., 1. ]
D: !!opencv-matrix
   rows: 1
   cols: 5
   dt: d
   data: [ 1.8578433698238458e-01, -3.6244798036590392e-01,
       -2.6826980062380842e-04, -1.6722131711242704e-03,
       7.8587205398413629e-02 ]
