%YAML:1.0
---
K: !!opencv-matrix
   rows: 3
   cols: 3
   dt: d
   data: [ 6.0312192991518373e+02, 0., 3.3764128438091467e+02, 0.,
       6.0538959646783212e+02, 2.5581680915867346e+02, 0., 0., 1. ]
D: !!opencv-matrix
   rows: 1
   cols: 5
   dt: d
   data: [ 4.4534135147180715e-02, 5.2069125236703540e-01,
       -6.5585576536039279e-04, -1.0274104201754674e-03,
       -1.9762113079580728e+00 ]
